A10a1Gd 100 2018 11 20.4   3.5075  +4.7676 18.5 Added Nov. 20.53 UT              4   0.03 17.2  0.341
P20Kpi2 100 2018 11 19.6   8.2771 +42.5507 20.7 Added Nov. 19.93 UT              3   0.02 21.2  1.160
ZW8B316  98 2018 11 19.4   7.4726 +49.1880 21.0 Updated Nov. 20.19 UT           16   0.77 21.8  0.602
ZW8B2D1  76 2018 11 19.4   6.7178 +50.5433 21.6 Updated Nov. 20.14 UT           10   0.17 19.5  1.198
ZW8B055  70 2018 11 19.1  23.7359 +43.6324 20.7 Updated Nov. 20.09 UT           20   0.91 17.1  0.708
ZW04D95 100 2018 11 18.2   5.9894 +63.0231 20.1 Added Nov. 18.27 UT              3   0.02 26.1  2.526
ZW87F01  98 2018 11 17.3   5.5202 +17.2116 23.1 Updated Nov. 17.52 UT            7   0.09 31.1  3.304
ZW84BCD 100 2018 11 17.3   4.0518 +18.3493 23.0 Updated Nov. 17.45 UT           12   0.11 29.9  3.368
ZW806DE  70 2018 11 17.1   2.4563 +23.0665 21.5 Updated Nov. 20.14 UT           22   2.94 20.9  0.647
ZWBFA73  80 2018 11 17.1   2.0128 +24.9305 21.3 Updated Nov. 20.16 UT           30   2.98 21.8  0.633
ZTF01ol 100 2018 11 16.3   7.8698 +34.3707 21.3 Added Nov. 16.83 UT              4   0.00 27.5  4.398
ZWBDC3A  51 2018 11 16.4   8.4002 -20.6312 21.2 Updated Nov. 19.45 UT           16   2.98 18.2  1.353
ZWBDB81 100 2018 11 16.3   3.3056 -17.7553 20.7 Updated Nov. 16.47 UT           19   0.14 21.2  4.334
ZW01220  10 2018 11 16.1   2.2252 +44.2383 19.6 Updated Nov. 20.60 UT           80   4.22 15.7  0.371
ZWBD71D 100 2018 11 16.0  23.9176 -11.0671 22.8 Updated Nov. 17.53 UT           12   1.12 30.1  3.603
ZTF01nh 100 2018 11 15.1  20.5419 +41.3866 20.2 Added Nov. 16.06 UT              4   0.02 18.3  5.579
ZTF01ng 100 2018 11 15.3   6.8514  +7.9245 22.2 Added Nov. 15.87 UT              4   0.01 27.8  5.469
ZTF01ne 100 2018 11 15.2   8.9658 -11.7844 21.5 Added Nov. 15.82 UT              4   0.03 26.5  5.490
ZTF01nd 100 2018 11 15.2  20.7273 -26.0140 23.8 Added Nov. 15.81 UT              6   0.02 27.1  5.485
ZVBD5ED  94 2018 11 15.4   8.4932 -15.7211 22.1 Added Nov. 15.51 UT              4   0.02 25.7  5.291
I161132 100 2018 11 14.2   3.0650 -28.5375 24.5 Added Nov. 14.45 UT              3   0.01 28.5  6.566
P20KiDU  10 2018 11 12.3   3.7033  -0.0921 21.5 Updated Nov. 20.60 UT           42  17.57 15.8  0.681
ZV341FC  98 2018 11 11.1  11.6900  -0.4077 26.8 Updated Nov. 11.58 UT            9   0.18 28.9  9.472
P20KdRI  10 2018 11 09.4   6.0102 -17.2885 21.3 Updated Nov. 20.39 UT           48  10.86 20.0  0.431
ZVA9821  98 2018 11 08.2   4.0651  -1.4018 23.5 Updated Nov. 8.99 UT             7   0.16 28.8 12.361
ZVA1B24  35 2018 11 04.4   5.1099  -7.7835 20.1 Updated Nov. 19.36 UT          107  26.50 14.9  1.663
A109AGz  35 2018 11 02.5   2.1089 -10.5955 19.9 Updated Nov. 18.77 UT          136  30.72 16.1  2.526
ZV28189  98 2018 11 01.3  14.5275  -3.2792 99.9 Updated Nov. 2.01 UT             6   0.15 30.4 19.316
